   0
   0
   0
   0
   0
   0
   0
   0
   0
   0
   0
   0
   0
   0
   0
   0
  13
  25
  38
  50
  63
  75
  88
 100
 113
 126
 138
 151
 163
 176
 188
 201
 213
 226
 238
 251
 263
 275
 288
 300
 313
 325
 338
 350
 362
 375
 387
 399
 412
 424
 436
 449
 461
 473
 485
 497
 510
 522
 534
 546
 558
 570
 582
 594
 606
 618
 630
 642
 654
 666
 678
 690
 701
 713
 725
 737
 748
 760
 772
 783
 795
 807
 818
 830
 841
 852
 864
 875
 887
 898
 909
 920
 932
 943
 954
 965
 976
 987
 998
1009
1020
1031
1042
1052
1063
1074
1085
1095
1106
1116
1127
1137
1148
1158
1168
1179
1189
1199
1209
1219
1229
1239
1249
1259
1269
1279
1289
1299
1308
1318
1328
1337
1347
1356
1365
1375
1384
1393
1402
1411
1421
1430
1439
1447
1456
1465
1474
1483
1491
1500
1508
1517
1525
1533
1542
1550
1558
1566
1574
1582
1590
1598
1606
1614
1621
1629
1637
1644
1652
1659
1666
1674
1681
1688
1695
1702
1709
1716
1723
1729
1736
1743
1749
1756
1762
1769
1775
1781
1787
1793
1799
1805
1811
1817
1823
1828
1834
1840
1845
1850
1856
1861
1866
1871
1876
1881
1886
1891
1896
1901
1905
1910
1914
1919
1923
1927
1932
1936
1940
1944
1948
1951
1955
1959
1962
1966
1969
1973
1976
1979
1983
1986
1989
1992
1994
1997
2000
2003
2005
2008
2010
2012
2015
2017
2019
2021
2023
2025
2027
2028
2030
2032
2033
2035
2036
2037
2038
2039
2040
2041
2042
2043
2044
2045
2045
2046
2046
2046
2047
2047
2047
2047
2047
2047
2047
2046
2046
2046
2045
2045
2044
2043
2042
2041
2040
2039
2038
2037
2036
2035
2033
2032
2030
2028
2027
2025
2023
2021
2019
2017
2015
2012
2010
2008
2005
2003
2000
1997
1994
1992
1989
1986
1983
1979
1976
1973
1969
1966
1962
1959
1955
1951
1948
1944
1940
1936
1932
1927
1923
1919
1914
1910
1905
1901
1896
1891
1886
1881
1876
1871
1866
1861
1856
1850
1845
1840
1834
1828
1823
1817
1811
1805
1799
1793
1787
1781
1775
1769
1762
1756
1749
1743
1736
1729
1723
1716
1709
1702
1695
1688
1681
1674
1666
1659
1652
1644
1637
1629
1621
1614
1606
1598
1590
1582
1574
1566
1558
1550
1542
1533
1525
1517
1508
1500
1491
1483
1474
1465
1456
1447
1439
1430
1421
1411
1402
1393
1384
1375
1365
1356
1347
1337
1328
1318
1308
1299
1289
1279
1269
1259
1249
1239
1229
1219
1209
1199
1189
1179
1168
1158
1148
1137
1127
1116
1106
1095
1085
1074
1063
1052
1042
1031
1020
1009
 998
 987
 976
 965
 954
 943
 932
 920
 909
 898
 887
 875
 864
 852
 841
 830
 818
 807
 795
 783
 772
 760
 748
 737
 725
 713
 701
 690
 678
 666
 654
 642
 630
 618
 606
 594
 582
 570
 558
 546
 534
 522
 510
 497
 485
 473
 461
 449
 436
 424
 412
 399
 387
 375
 362
 350
 338
 325
 313
 300
 288
 275
 263
 251
 238
 226
 213
 201
 188
 176
 163
 151
 138
 126
 113
 100
  88
  75
  63
  50
  38
  25
  13
   0
4083
4071
4058
4046
4033
4021
4008
3996
3983
3970
3958
3945
3933
3920
3908
3895
3883
3870
3858
3845
3833
3821
3808
3796
3783
3771
3758
3746
3734
3721
3709
3697
3684
3672
3660
3647
3635
3623
3611
3599
3586
3574
3562
3550
3538
3526
3514
3502
3490
3478
3466
3454
3442
3430
3418
3406
3395
3383
3371
3359
3348
3336
3324
3313
3301
3289
3278
3266
3255
3244
3232
3221
3209
3198
3187
3176
3164
3153
3142
3131
3120
3109
3098
3087
3076
3065
3054
3044
3033
3022
3011
3001
2990
2980
2969
2959
2948
2938
2928
2917
2907
2897
2887
2877
2867
2857
2847
2837
2827
2817
2807
2797
2788
2778
2768
2759
2749
2740
2731
2721
2712
2703
2694
2685
2675
2666
2657
2649
2640
2631
2622
2613
2605
2596
2588
2579
2571
2563
2554
2546
2538
2530
2522
2514
2506
2498
2490
2482
2475
2467
2459
2452
2444
2437
2430
2422
2415
2408
2401
2394
2387
2380
2373
2367
2360
2353
2347
2340
2334
2327
2321
2315
2309
2303
2297
2291
2285
2279
2273
2268
2262
2256
2251
2246
2240
2235
2230
2225
2220
2215
2210
2205
2200
2195
2191
2186
2182
2177
2173
2169
2164
2160
2156
2152
2148
2145
2141
2137
2134
2130
2127
2123
2120
2117
2113
2110
2107
2104
2102
2099
2096
2093
2091
2088
2086
2084
2081
2079
2077
2075
2073
2071
2069
2068
2066
2064
2063
2061
2060
2059
2058
2057
2056
2055
2054
2053
2052
2051
2051
2050
2050
2050
2049
2049
2049
2049
2049
2049
2049
2050
2050
2050
2051
2051
2052
2053
2054
2055
2056
2057
2058
2059
2060
2061
2063
2064
2066
2068
2069
2071
2073
2075
2077
2079
2081
2084
2086
2088
2091
2093
2096
2099
2102
2104
2107
2110
2113
2117
2120
2123
2127
2130
2134
2137
2141
2145
2148
2152
2156
2160
2164
2169
2173
2177
2182
2186
2191
2195
2200
2205
2210
2215
2220
2225
2230
2235
2240
2246
2251
2256
2262
2268
2273
2279
2285
2291
2297
2303
2309
2315
2321
2327
2334
2340
2347
2353
2360
2367
2373
2380
2387
2394
2401
2408
2415
2422
2430
2437
2444
2452
2459
2467
2475
2482
2490
2498
2506
2514
2522
2530
2538
2546
2554
2563
2571
2579
2588
2596
2605
2613
2622
2631
2640
2649
2657
2666
2675
2685
2694
2703
2712
2721
2731
2740
2749
2759
2768
2778
2788
2797
2807
2817
2827
2837
2847
2857
2867
2877
2887
2897
2907
2917
2928
2938
2948
2959
2969
2980
2990
3001
3011
3022
3033
3044
3054
3065
3076
3087
3098
3109
3120
3131
3142
3153
3164
3176
3187
3198
3209
3221
3232
3244
3255
3266
3278
3289
3301
3313
3324
3336
3348
3359
3371
3383
3395
3406
3418
3430
3442
3454
3466
3478
3490
3502
3514
3526
3538
3550
3562
3574
3586
3599
3611
3623
3635
3647
3660
3672
3684
3697
3709
3721
3734
3746
3758
3771
3783
3796
3808
3821
3833
3845
3858
3870
3883
3895
3908
3920
3933
3945
3958
3970
3983
3996
4008
4021
4033
4046
4058
4071
4083
